324|1|129|151|03108284908|02650990850|1|11/12/2002|26/8/2020|26/8/2015|
324|2|130|555|89729129991|02704935635|1|21/5/1998|28/4/2020|28/4/2015|
324|3|134|141|63564955968|02525484266|1|18/2/1991|31/8/2022|31/8/2017|
324|4|135|154|42859450963|03579482476|1|24/6/1983|23/1/2022|23/1/2017|
324|5|70|157|01009873970|05478373576|1|27/4/2012|27/1/2022|27/1/2017|
324|6|69|138|06635292985|04323876902|1|26/3/2008|21/2/2022|23/8/2017|
324|7|114|169|04866040980|03869663770|1|2/6/2006|14/1/2021|14/1/2016|
324|8|125|148|87177480978|00376901322|1|22/4/1993|27/3/2024|27/3/2019|
324|9|140|446|89729595968|02119628211|1|9/12/1991|28/4/2021|28/4/2016|
324|10|138|1008|78529131991|01557882694|1|4/12/1990|23/9/2025|23/9/2020|
324|11|136|946|08409902940|05597706500|1|20/9/2012|20/8/2025|21/8/2020|
