324|1|1|211|75080432000159|1|03/10/2017|255|2|40,800|2|2014|6|31|6000,0000||1001||||
324|2|1|211|75080432000159|1|09/10/2017|255|1|0,000|3|2014|6|31|6000,0000|151|1001|||118985,000|
324|3|1|211|75080432000159|1|16/10/2017|255|1|0,000|4|2014|6|31|6000,0000|151|1001|||119322,000|
324|4|1|211|75080432000159|1|21/10/2017|255|1|0,000|5|2014|6|31|6000,0000|151|1001|||119804,000|
324|5|1|211|75080432000159|1|27/10/2017|255|1|0,000|6|2014|6|31|6000,0000|151|1001|||120266,000|
324|6|1|211|75080432000159|1|03/11/2017|255|1|0,000|7|2014|6|31|6000,0000|151|1001|||120574,000|
324|7|1|211|75080432000159|1|28/12/2017|48|1|0,000|9|2017|6|3|4000,0000|151|1001|||121705,000|
324|8|1|211|75080432000159|1|12/01/2018|48|1|0,000|11|2017|6|3|3000,0000|151|1001|||122164,000|
324|9|1|211|75080432000159|1|31/01/2018|48|1|0,000|12|2017|6|3|3000,0000|151|1001|||122676,000|
324|10|1|211|75080432000159|1|16/02/2018|48|1|0,000|13|2017|6|3|3000,0000|151|1001|||123099,000|
324|11|1|211|75080432000159|1|22/02/2018|48|1|0,000|14|2017|6|3|3000,0000|151|1001|||123593,000|
324|12|1|211|75080432000159|1|05/03/2018|48|1|0,000|16|2017|6|3|3000,0000|151|1001|||124040,000|
324|13|1|211|75080432000159|1|19/03/2018|48|1|0,000|17|2017|6|3|3000,0000|151|1001|||124483,000|
324|14|1|211|75080432000159|1|28/03/2018|48|1|0,000|18|2017|6|3|3000,0000|151|1001|||125012,000|
324|15|1|211|75080432000159|1|03/04/2018|48|1|0,000|20|2017|6|3|3000,0000|151|1001|||125169,000|
324|16|1|211|75080432000159|1|06/04/2018|48|1|0,000|21|2017|6|3|3000,0000|151|1001|||125877,000|
324|17|1|211|75080432000159|1|19/04/2018|48|1|0,000|22|2017|6|3|3000,0000|151|1001|||126392,000|
324|18|1|211|75080432000159|1|03/05/2018|48|1|0,000|24|2017|6|3|3000,0000|151|1001|||126732,000|
324|19|1|211|75080432000159|1|09/05/2018|48|1|0,000|25|2017|6|3|3000,0000|151|1001|||127295,000|
324|20|1|211|75080432000159|1|22/05/2018|48|1|0,000|26|2017|6|3|3000,0000|151|1001|||127723,000|
324|21|1|211|75080432000159|1|11/06/2018|48|1|0,000|29|2017|6|3|3000,0000|151|1001|||128125,000|
324|22|1|211|75080432000159|1|19/06/2018|48|1|0,000|30|2017|6|3|3000,0000|151|1001|||128679,000|
324|23|1|211|75080432000159|1|15/08/2018|48|1|0,000||2017|6|3|3000,0000|151|1001|||129020,000|
324|24|1|211|75080432000159|1|15/08/2018|48|1|0,000|32|2017|6|3|3000,0000|151|1001|||129020,000|
324|25|1|211|75080432000159|1|20/08/2018|48|1|0,000|33|2017|6|3|3000,0000|151|1001|||129583,000|
324|26|1|211|75080432000159|1|29/08/2018|48|1|0,000|34|2017|6|3|3000,0000|151|1001|||129982,000|
324|27|1|211|75080432000159|1|20/09/2018|48|1|0,000|36|2017|6|3|2000,0000|151|1001|||130359,000|
324|28|1|211|75080432000159|1|04/10/2018|48|1|0,000|38|2017|6|3|2000,0000|151|1001|||130786,000|
324|29|1|211|75080432000159|1|17/10/2018|48|1|0,000|39|2017|6|3|2000,0000|151|1001|||131205,000|
324|30|1|211|75080432000159|1|22/10/2018|48|1|0,000|40|2017|6|3|2000,0000|151|1001|||131668,000|
324|31|1|211|75080432000159|1|29/10/2018|48|1|0,000|41|2017|6|3|2000,0000|151|1001|||132190,000|
324|32|1|211|75080432000159|1|13/11/2018|48|1|0,000|43|2017|6|3|2000,0000|151|1001|||132669,000|
324|33|1|211|75080432000159|1|26/11/2018|48|1|0,000|44|2017|6|3|2000,0000|151|1001|||133174,000|
324|34|1|211|75080432000159|1|10/12/2018|48|1|0,000|46|2017|6|3|2000,0000|151||||133548,000|
324|35|1|211|75080432000159|1|20/12/2018|48|1|0,000|47|2017|6|3|2000,0000|151||||133882,000|
324|36|1|211|75080432000159|3|01/04/2019|255|1|0,000|56|2019|6|1|3000,0000|141|1001|||134370,000|
324|37|1|211|75080432000159|3|02/05/2019|255|1|0,000|62|2019|6|1|3000,0000|141|1001|||135547,000|
324|38|1|211|75080432000159|3|08/05/2019|255|1|0,000|63|2019|6|1|3000,0000|141|1001|||135974,000|
324|39|1|211|75080432000159|3|13/05/2019|255|1|0,000|64|2019|6|1|3000,0000|141|1001|||136367,000|
324|40|1|211|75080432000159|3|15/05/2019|255|1|0,000|65|2019|6|1|3000,0000|141|1001|||136775,000|
324|41|1|211|75080432000159|3|28/05/2019|255|1|0,000|66|2019|6|1|3000,0000|141|1001|||137179,000|
324|42|1|211|75080432000159|3|30/05/2019|255|1|0,000|67|2019|6|1|3000,0000|141|1001|||137571,000|
324|43|1|211|75080432000159|4|11/06/2019|255|1|0,000|69|2019|6|1|3000,0000|141|1001|||138045,000|
324|44|1|211|75080432000159|3|27/06/2019|255|1|0,000|70|2019|6|1|3000,0000|141|1001||||
324|45|1|211|75080432000159|3|03/08/2019|255|1|0,000|71|2019|6|1|3000,0000|141|1001|||138665,000|
324|46|1|211|75080432000159|4|09/08/2019|255|1|0,000|72|2019|6|1|3000,0000|141|1001|||139051,000|
324|47|1|211|75080432000159|7|20/08/2019|255|1|0,000|73|2019|6|1|3000,0000|141|1001||||
324|48|1|211|75080432000159|3|02/09/2019|255|1|0,000|74|2019|6|1|3000,0000|141|1001||||
324|49|1|211|75080432000159|4|20/09/2019|255|1|0,000|75|2019|6|1|3000,0000|141|1001||||
324|50|1|211|75080432000159|4|24/09/2019|255|1|0,000|76|2019|6|1|3000,0000|141|1001||||
324|51|1|211|75080432000159|8|26/09/2019|255|1|0,000|77|2019|6|1|3000,0000|141|1001||||
324|52|1|211|75080432000159|8|27/09/2019|255|1|0,000|78|2019|6|1|3000,0000|141|1001||||
324|53|1|211|75080432000159|4|08/10/2019|255|1|0,000|79|2019|6|1|3000,0000|141|1001||||
324|54|1|211|75080432000159|3|16/10/2019|255|1|0,000|80|2019|6|1|3000,0000|141|1001||||
324|55|1|211|75080432000159|3|14/11/2019|255|1|0,000|81|2019|6|1|3000,0000|141|1001||||
324|56|1|211|75080432000159|4|19/12/2019|255|1|0,000|82|2019|6|1|3000,0000|141|1001||||
324|57|1|211|75080432000159|4|14/01/2020|255|1|0,000|83|2019|6|1|3000,0000|141|1001||||
324|58|1|211|75080432000159|4|30/01/2020|255|1|0,000|84|2019|6|1|3000,0000|141|1001||||
324|59|1|211|75080432000159|4|12/02/2020|255|1|0,000|85|2019|6|1|3000,0000|141|1001||||
324|60|1|211|75080432000159|3|14/02/2020|255|1|0,000|86|2019|6|1|3000,0000|141|1001||||
324|61|1|211|75080432000159|3|28/02/2020|255|1|0,000|87|2019|6|1|3000,0000|141|1001||||
324|62|1|37|07198313000145|7|01/06/2020|255|1|0,000|88|2020|6|2|4000,0000|169|1001||||
324|63|1|37|07198313000145|7|09/06/2020|255|1|0,000|89|2020|6|2|4000,0000|169|1001||||
324|64|1|37|07198313000145|7|13/07/2020|255|1|0,000|90|2020|6|2|4000,0000|169|1001|||147469,000|
324|65|1|37|07198313000145|7|20/07/2020|255|1|0,000|91|2020|6|2|4000,0000|169|1001||||
324|66|1|37|07198313000145|7|18/08/2020|255|1|0,000|92|2020|6|2|4000,0000|169|1001|||148363,000|
324|67|1|37|07198313000145|7|17/11/2020|255|1|0,000|93|2020|6|2|4000,0000|169|1001||||
324|68|1|37|07198313000145|4|15/12/2020|255|1|0,000|94|2020|6|2|4000,0000|169|1001||||
324|69|1|37|07198313000145|9|26/01/2021|255|1|0,000|95|2020|6|2|4000,0000|1008|1001||||
324|70|1|37|07198313000145|10|17/05/2021|255|1|0,000|96|2020|6|2|4000,0000|446|1001||||
324|71|1|37|07198313000145|10|20/07/2021|255|1|0,000|97|2021|6|2|3000,0000|446|1001|||149689,000|
324|72|1|37|07198313000145|10|22/09/2021|255|1|0,000|98|2021|6|2|3000,0000|446|1001||||
324|73|1|37|07198313000145|10|02/12/2021|255|1|0,000|99|2021|6|2|3000,0000|1008|1001|||150579,000|
